0.099031 -2.517497
-0.099031 -2.517497
0.376510 -2.042866
-0.376510 -2.042866
0.777479 -1.691565
-0.777479 -1.691565
1.222521 -1.550373
-1.222521 -1.550373
1.623490 -1.647255
-1.623490 -1.647255
1.900969 -1.945822
-1.900969 -1.945822
2.000000 -2.365489
-2.000000 -2.365489
2.099031 -1.919180
-2.099031 -1.919180
2.376510 -1.545965
-2.376510 -1.545965
2.777479 -1.341213
-2.777479 -1.341213
3.222521 -1.362679
-3.222521 -1.362679
3.623490 -1.606111
-3.623490 -1.606111
3.900969 -2.006094
-3.900969 -2.006094
4.381451 -2.339658
-4.381451 -2.339658
4.784686 -2.189777
-4.784686 -2.189777
5.204329 -2.006289
-5.204329 -2.006289
5.629811 -1.782838
-5.629811 -1.782838
6.043534 -1.513755
-6.043534 -1.513755
6.419818 -1.195855
-6.419818 -1.195855
6.726183 -0.830861
-6.726183 -0.830861
6.928518 -0.427635
-6.928518 -0.427635
6.999997 -0.002673
-6.999997 -0.002673
6.930257 0.422430
-6.930257 0.422430
6.729413 0.826043
-6.729413 0.826043
6.424140 1.191584
-6.424140 1.191584
6.048518 1.510095
-6.048518 1.510095
5.635086 1.779774
-5.635086 1.779774
5.209626 2.003763
-5.209626 2.003763
4.789833 2.187709
-4.789833 2.187709
4.386351 2.337971
-4.386351 2.337971
4.004611 2.460578
-4.004611 2.460578
3.646585 2.560779
-3.646585 2.560779
3.312147 2.642923
-3.312147 2.642923
1.293213 0.882681
-1.293213 0.882681
1.591797 0.825480
-1.591797 0.825480
1.892090 0.838531
-1.892090 0.838531
2.177490 0.930811
-2.177490 0.930811
2.426880 1.097775
-2.426880 1.097775
2.628296 1.322490
-2.628296 1.322490
2.782593 1.590219
-2.782593 1.590219
2.895874 1.899399
-2.895874 1.899399
2.970703 2.262932
-2.970703 2.262932
0.958333 1.333333
-0.958333 1.333333
0.916667 1.666667
-0.916667 1.666667
0.875000 2.000000
-0.875000 2.000000
0.833333 2.333333
-0.833333 2.333333
0.791667 2.666667
-0.791667 2.666667
0.666667 2.750000
-0.666667 2.750000
0.583333 2.500000
-0.583333 2.500000
0.500000 2.250000
-0.500000 2.250000
0.250000 2.250000
-0.250000 2.250000
0.000000 -3.000000
4.000000 -2.461955
-4.000000 -2.461955
3.000000 2.710524
-3.000000 2.710524
0.000000 2.250000
0.750000 3.000000
-0.750000 3.000000
1.000000 1.000000
-1.000000 1.000000
